kelamayi_hybrid_square
RA00DEC00
0.5h
U,V data is not properly configured!
RA00DEC30
0.5h
e_bpa=0.4910460469759136 degree
e_bmaj=21.82426294862435 mas
e_bmin=11.404012037323719 mas
e_range=421.0
rms_noise=0.0001036982866935432
dr=6428.906359334121
RA00DEC60
0.5h
e_bpa=3.4062956825772828 degree
e_bmaj=12.603953529733383 mas
e_bmin=11.400655747894978 mas
e_range=421.0
rms_noise=0.0001158972954726778
dr=5752.218566078066
RA00DEC90
0.5h
e_bpa=82.45739139988125 degree
e_bmaj=11.413736122365535 mas
e_bmin=10.902834737978509 mas
e_range=388.0
rms_noise=0.00012161586346337572
dr=5481.740258144345
