gz_t_shape
RA00DEC-10
1h
e_bpa=2.2238144480511184 degree
e_bmaj=3213.6077450956864 mas
e_bmin=624.0128522243562 mas
e_range=61950.0
rms_noise=0.028576169162988663
dr=40.080908376669356
RA00DEC10
1h
e_bpa=-2.2238144480511184 degree
e_bmaj=3213.6077450956864 mas
e_bmin=624.0128522243562 mas
e_range=61950.0
rms_noise=0.024831440299749374
dr=42.59930472618027
RA00DEC30
1h
e_bpa=-8.84199228825188 degree
e_bmaj=1124.5596614587644 mas
e_bmin=619.3043415022012 mas
e_range=61950.0
rms_noise=0.01715942844748497
dr=42.41578221001741
RA00DEC60
1h
e_bpa=-43.102462142870024 degree
e_bmaj=697.7919288470484 mas
e_bmin=576.235561359694 mas
e_range=61950.0
rms_noise=0.021330971270799637
dr=35.12768927778241
