gz_spiral
RA00DEC30
0.5h
e_bpa=-1.7130800279933426e-08 degree
e_bmaj=291.40605685826205 mas
e_bmin=145.70302708893743 mas
e_range=7426.0
rms_noise=0.0006478261784650385
dr=1029.0826524549154
RA00DEC60
0.5h
e_bpa=-8.901439132842659e-08 degree
e_bmaj=168.2433653706079 mas
e_bmin=145.70302708893507 mas
e_range=7426.0
rms_noise=0.0005812287563458085
dr=1146.9951675610694
RA00DEC90
0.5h
e_bpa=-1.3957005305093948 degree
e_bmaj=145.70302842992606 mas
e_bmin=145.7030270881366 mas
e_range=7426.0
rms_noise=0.0005692602717317641
dr=1170.5890643966038
