kelamayi_hybrid_square
RA00DEC00
0.5h
U,V data is not properly configured!
RA00DEC30
0.5h
e_bpa=0.4910460469759136 degree
e_bmaj=21.82426294862435 mas
e_bmin=11.404012037323719 mas
e_range=421.0
rms_noise=0.26688775420188904
dr=78.78614213887224
RA00DEC60
0.5h
e_bpa=3.4062956825772828 degree
e_bmaj=12.603953529733383 mas
e_bmin=11.400655747894978 mas
e_range=421.0
rms_noise=0.24464166164398193
dr=52.329982653466566
RA00DEC90
0.5h
e_bpa=82.45739139988125 degree
e_bmaj=11.413736122365535 mas
e_bmin=10.902834737978509 mas
e_range=388.0
rms_noise=0.2490815669298172
dr=49.343111891294676
